36.57
37.27
57.53
53.63
35.78
33.34
32.57
31.26
30.98
31.58
31.67
25.18
30.45
30.61
31.9
31.72
31.44
30.44
21.94
21
20.22
22.06
21.86
23.63
23.66
23
22.96
23.3
21.78
21.88
22.06
22.31
24.01
23.49
22.96
24.13
23.99
23.94
24.06
24.6
27.83
31.01
30.3
30.07
30.44
23.36
25.39
21.83
24.64
31.18
30.54
32.56
25
24.95
24.75
31.22
52.45
32.44
40.29
32.3
29.52
30.98
24.88
27.81
32.57
33.24
28.57
31.33
31.19
25.15
31.07
30.99
32.96
52.52
32.02
58.98
39.84
33.39
44.07
104.39
104.25
107.16
85.08
64.02
107.1
63.1
71.78
72.04
60.97
62.45
41.46
42.98
40.43
34.51
30.99
41.92
52.7
59.21
64.65
39.56
41.52
37.4
33.56
33.55
31.07
27.47
22
29.4
34.49
32.4
30.59
27.9
29.62
23.09
26.54
28.21
31.8
35.07
30.65
23.44
31.79
30.05
30.23
37.97
35.32
35.06
37.18
37.11
36.84
34.54
30.81
33.01
34.07
32.84
33.61
33.04
33.62
36.81
35.02
33.92
33.25
30.18
29.5
29.33
31.56
31.21
32.06
33.49
32.12
31.28
29.32
30.68
28.15
28.04
25.26
26.68
25.51
25.96
26.26
27.36
26.09
26.22
27.22
25.95
26.83
26.09
26.2
24.19
26.19
24.91
25.01
24.31
25
24.75
25.25
24.11
24.56
24.54
24.42
25.61
24.7
24.92
25.66
25.06
24.78
25.3
25.48
25.23
24.75
25.38
25.33
25.08
25.34
25.57
26.03
25.65
26.34
25.33
25.34
26.41
26.98
27.71
26.91
28.86
27.06
28.56
25.69
27.09
26.77
33.06
33.04
39.6
36.71
31.59
33.86
33.96
33.04
36.71
33.08
33.25
42.4
34.61
39.81
36.78
41.99
41.95
64.92
36.32
35.66
34.13
34.82
34.08
42.19
101.61
37.41
61.29
98.81
69.87
134.06
113.98
140.87
111.01
111.03
103.94
69.25
54.63
47.35
41.17
46.81
37.65
52.73
52.61
45.13
75.54
77.63
42.13
38.23
37.97
36.68
40.69
42.09
37.1
35.32
37.28
36.72
34.76
44.44
60.97
37.16
67.47
37.05
32.78
33.06
37.39
34.37
32.82
33.13
31.25
29.67
40.01
33.19
38.29
33.52
36.79
35.22
33.68
33.39
34.54